cpb-aacip-507-n29p26qt59:	1.5
cpb-aacip-507-4t6f18t178:	1.0755642354488373
cpb-aacip-507-7659c6sk7z:	0.9064856568972269
cpb-aacip-525-9g5gb1zh9b:	1.5558925718069077
cpb-aacip-507-vm42r3pt6h:	1.0013089627027512
cpb-aacip-507-cf9j38m509:	1.4557802081108093
cpb-aacip-507-v40js9j432:	0.9444444477558136
cpb-aacip-507-bz6154fc44:	1.2977279822031658
cpb-aacip-525-028pc2v94s:	1.4122449159622192
cpb-aacip-507-pr7mp4wf25:	1.1577192942301433
cpb-aacip-525-bg2h70914g:	1.481121301651001
cpb-aacip-525-3b5w66b279:	1.3123106002807616
cpb-aacip-507-154dn40c26:	0.9260243574778239
cpb-aacip-507-zw18k75z4h:	0.8915034174919129
cpb-aacip-507-v11vd6pz5w:	1.1515151262283325
cpb-aacip-507-r785h7cp0z:	1.50960373878479
cpb-aacip-507-9882j68s35:	1.0496031641960144
cpb-aacip-507-zk55d8pd1h:	1.1039215326309204
cpb-aacip-507-nk3610wp6s:	0.9235169972692218
cpb-aacip-507-m61bk17f5g:	0.9577703674634298
cpb-aacip-507-6w96689725:	1.0756963193416595
cpb-aacip-507-pc2t43js98:	1.3655394315719604
Total Mean CER:	1.184331574068441
