cpb-aacip-507-n29p26qt59:	1.08695650100708
cpb-aacip-507-4t6f18t178:	0.7098251208662987
cpb-aacip-507-7659c6sk7z:	0.5445930858453115
cpb-aacip-525-9g5gb1zh9b:	0.9371368736028671
cpb-aacip-507-vm42r3pt6h:	0.5742615312337875
cpb-aacip-507-cf9j38m509:	1.265094332396984
cpb-aacip-507-v40js9j432:	0.6000000238418579
cpb-aacip-507-bz6154fc44:	0.6911609172821045
cpb-aacip-525-028pc2v94s:	0.8482993245124817
cpb-aacip-507-pr7mp4wf25:	0.543947363893191
cpb-aacip-525-bg2h70914g:	1.0053775906562805
cpb-aacip-525-3b5w66b279:	0.7926136374473571
cpb-aacip-507-154dn40c26:	0.6801771918932596
cpb-aacip-507-zw18k75z4h:	0.6039656043052674
cpb-aacip-507-v11vd6pz5w:	0.3030303120613098
cpb-aacip-507-r785h7cp0z:	0.46476104110479355
cpb-aacip-507-9882j68s35:	0.8313492238521576
cpb-aacip-507-zk55d8pd1h:	0.8666666746139526
cpb-aacip-507-nk3610wp6s:	0.6373265257903508
cpb-aacip-507-m61bk17f5g:	0.37843651076157886
cpb-aacip-507-6w96689725:	0.8369272351264954
cpb-aacip-507-pc2t43js98:	0.9009661972522736
Total Mean CER:	0.7319487645157746
